This folder: /media/daniella/Windows 10 main/Users/Daniell/Desktop/CrossOSTasks/Windows/at Seagate rmv the original bc the up-to-date will be this/Seagate Expansion Drive-1-personal-site/press/press-kit/img

folderstamp version: r5
Method: Non-recursive

  File: ./future
  Size: 4096      	Blocks: 8          IO Block: 4096   directory
Device: 8,51	Inode: 470853      Links: 1
Access: (0775/drwxrwxr-x)  Uid: ( 1000/daniella)   Gid: ( 1000/daniella)
Access: 2024-05-28 00:09:54.418771800 -0300
Modify: 2024-05-28 00:10:09.314220900 -0300
Change: 2024-05-28 00:10:09.314220900 -0300
 Birth: 2024-05-28 00:09:54.418771800 -0300
IPFS hash: 
------------------------------
  File: ./logotype-0.svg
  Size: 39931     	Blocks: 80         IO Block: 4096   regular file
Device: 8,51	Inode: 1090708     Links: 1
Access: (0644/-rw-r--r--)  Uid: ( 1000/daniella)   Gid: ( 1000/daniella)
Access: 2024-05-28 00:10:49.842790200 -0300
Modify: 2024-05-27 23:59:23.162309400 -0300
Change: 2024-05-28 00:10:41.365081500 -0300
 Birth: 2024-05-28 00:09:52.821831600 -0300
IPFS hash: QmVMUMDT6carxLUE5cXv1k9w21J5u7Wu4i3JX3GChuCVcP
------------------------------
  File: ./logotype (copy).svg
  Size: 39931     	Blocks: 80         IO Block: 4096   regular file
Device: 8,51	Inode: 1068604     Links: 1
Access: (0644/-rw-r--r--)  Uid: ( 1000/daniella)   Gid: ( 1000/daniella)
Access: 2024-05-28 00:10:37.090229900 -0300
Modify: 2024-05-27 23:59:23.162309400 -0300
Change: 2024-05-28 00:10:36.852238200 -0300
 Birth: 2024-05-28 00:10:36.847238400 -0300
IPFS hash: QmVMUMDT6carxLUE5cXv1k9w21J5u7Wu4i3JX3GChuCVcP
------------------------------